#ifndef TRI04
#define TRI04

double p_r[15] = {-1.00000000000000e+00,-6.54653670707977e-01,0.00000000000000e+00,6.54653670707977e-01,1.00000000000000e+00,-1.00000000000000e+00,-5.51583507555306e-01,1.03167015110611e-01,6.54653670707977e-01,-1.00000000000000e+00,-5.51583507555306e-01,-5.55111512312578e-17,-1.00000000000000e+00,-6.54653670707977e-01,-1.00000000000000e+00};
double p_s[15] = {-1.00000000000000e+00,-1.00000000000000e+00,-1.00000000000000e+00,-1.00000000000000e+00,-1.00000000000000e+00,-6.54653670707977e-01,-5.51583507555306e-01,-5.51583507555306e-01,-6.54653670707977e-01,0.00000000000000e+00,1.03167015110611e-01,5.55111512312578e-17,6.54653670707977e-01,6.54653670707977e-01,1.00000000000000e+00};

double p_w[5] = {1.00000000000000e-01,5.44444444444444e-01,7.11111111111111e-01,5.44444444444445e-01,1.00000000000000e-01};

double p_we[15] = {-4.88686737075595e-03,9.47308888154452e-02,8.13698773734429e-02,9.47308888154456e-02,-4.88686737075617e-03,9.47308888154453e-02,4.00721879033089e-01,4.00721879033089e-01,9.47308888154454e-02,8.13698773734430e-02,4.00721879033089e-01,8.13698773734425e-02,9.47308888154453e-02,9.47308888154453e-02,-4.88686737075623e-03};
double p_Dr[15][15] = {{-5.00000000000000e+00,6.75650248872424e+00,-2.66666666666667e+00,1.41016417794243e+00,-5.00000000000000e-01,-9.16520498145342e-18,4.35690734371143e-16,-9.58742177637901e-16,4.58047229042664e-16,2.43993362328698e-16,-3.95587223771818e-16,2.43234485707774e-16,1.32354857280147e-16,-1.12123204410172e-16,-2.39015779745662e-18},
{-1.24099025303098e+00,-1.00487855722818e-15,1.74574312188794e+00,-7.63762615825973e-01,2.59009746969017e-01,-5.23839972193531e-17,4.32320341644359e-17,6.52877913960129e-32,1.30222807334086e-17,1.50321791767847e-17,1.30312389819157e-17,-3.63303310260949e-17,-2.26287002619093e-17,2.40621043660417e-17,-6.20900671142364e-19},{3.75000000000000e-01,-1.33658457769545e+00,-8.55262892883301e-17,1.33658457769545e+00,-3.75000000000000e-01,3.46338758188243e-17,-2.41227811555755e-17,8.68390060311479e-17,-9.39080430540264e-17,-7.16427634181104e-17,-2.46519032881566e-32,5.89843551310343e-17,3.20999310278054e-17,-2.70350912120842e-17,-1.68751050355658e-18},{-2.59009746969017e-01,7.63762615825973e-01,-1.74574312188794e+00,8.20119842958676e-16,1.24099025303098e+00,3.25932110371679e-17,-2.94475877898213e-17,-4.96222891606559e-17,4.06394581546063e-17,2.59065427764211e-17,-1.30312389819157e-17,2.62498523693252e-18,4.28588253173485e-18,-8.61348081627934e-18,1.58519238746040e-18},{4.99999999999999e-01,-1.41016417794242e+00,2.66666666666667e+00,-6.75650248872424e+00,5.00000000000000e+00,-5.43965844545501e-16,7.00333630185753e-16,-4.28147086421285e-16,3.32180489425099e-16,-4.59620544384629e-17,3.95587223771818e-16,-3.90632160449704e-16,-2.25328355633632e-16,1.84837343500773e-16,9.14019981168295e-18},{-9.85089969064671e-01,2.41013845948776e+00,-2.01253295893245e+00,1.56901054508254e+00,-6.90212510791341e-01,-3.33484490660431e+00,4.74585412644349e+00,-1.76426270005871e+00,4.70287772129711e-01,-3.82517293830796e-01,-4.05522204029216e-01,1.71966263488870e-01,2.63343412378358e-01,4.14853134305916e-02,-9.71033491298305e-02},{3.71019669995841e-01,-6.61277182036353e-01,7.55745350898690e-01,-6.61277182036353e-01,3.19018410667360e-01,-8.89415460346615e-01,-2.03710705556146e-01,1.52729927717865e+00,-3.61530534897948e-01,-1.89940821761877e-01,-1.12554309600149e-16,-7.72073456692176e-02,7.59984837645458e-02,3.08919438797725e-02,-3.56139040803519e-02},{-3.19018410667360e-01,6.61277182036353e-01,-7.55745350898689e-01,6.61277182036353e-01,-3.71019669995841e-01,3.61530534897948e-01,-1.52729927717865e+00,2.03710705556145e-01,8.89415460346616e-01,7.72073456692176e-02,5.33583712882034e-17,1.89940821761877e-01,-3.08919438797722e-02,-7.59984837645461e-02,3.56139040803518e-02},{6.90212510791341e-01,-1.56901054508254e+00,2.01253295893245e+00,-2.41013845948776e+00,9.85089969064671e-01,-4.70287772129710e-01,1.76426270005870e+00,-4.74585412644350e+00,3.33484490660432e+00,-1.71966263488870e-01,4.05522204029218e-01,3.82517293830796e-01,-4.14853134305918e-02,-2.63343412378358e-01,9.71033491298307e-02},{5.13947317981920e-01,-3.88517631968033e-01,-6.10495858513128e-01,1.25557446083231e+00,-8.32871893884847e-01,-1.49045995187157e+00,3.79779043211249e+00,-3.08745972510273e+00,1.25557446083231e+00,-3.19693049585584e+00,3.79779043211249e+00,-6.10495858513131e-01,-1.53875374176121e-01,-3.88517631968031e-01,1.38947317981920e-01},{-3.54632314747712e-01,3.92422478777721e-01,-6.66133814775094e-16,-3.92422478777721e-01,3.54632314747712e-01,7.37275665800899e-01,-1.52729927717865e+00,1.52729927717865e+00,-7.37275665800899e-01,-9.45686172660567e-01,2.01206428399190e-16,9.45686172660566e-01,-2.28138278310263e-01,2.28138278310263e-01,0.00000000000000e+00},{8.32871893884847e-01,-1.25557446083231e+00,6.10495858513130e-01,3.88517631968031e-01,-5.13947317981920e-01,-1.25557446083231e+00,3.08745972510273e+00,-3.79779043211249e+00,1.49045995187157e+00,6.10495858513131e-01,-3.79779043211249e+00,3.19693049585584e+00,3.88517631968031e-01,1.53875374176121e-01,-1.38947317981921e-01},{-3.56113096098848e-01,4.14853134305918e-02,1.71966263488871e-01,4.70287772129710e-01,-6.90212510791341e-01,1.02710602820433e+00,-4.05522204029216e-01,-1.76426270005871e+00,1.56901054508254e+00,-2.12826041571874e+00,4.74585412644350e+00,-2.01253295893245e+00,-3.33484490660431e+00,2.41013845948776e+00,2.55900283966311e-01},{6.90212510791341e-01,-4.70287772129711e-01,-1.71966263488871e-01,-4.14853134305924e-02,3.56113096098848e-01,-1.56901054508254e+00,1.76426270005870e+00,4.05522204029218e-01,-1.02710602820433e+00,2.01253295893245e+00,-4.74585412644350e+00,2.12826041571874e+00,-2.41013845948776e+00,3.33484490660431e+00,-2.55900283966310e-01},{5.00000000000000e-01,-1.46057172853073e-15,7.85317534417918e-16,1.99907224068759e-16,-4.99999999999999e-01,-1.41016417794243e+00,-6.08476989175614e-16,-4.33592739516450e-16,1.41016417794243e+00,2.66666666666667e+00,2.56248399359879e-16,-2.66666666666667e+00,-6.75650248872424e+00,6.75650248872424e+00,-1.55149625685144e-16}};

double p_Ds[15][15] = {{-5.00000000000000e+00,2.67328732981003e-15,-4.44089209850063e-15,1.52098838731627e-15,1.34701899278488e-16,6.75650248872423e+00,8.88178419700125e-15,-1.30751268151745e-15,-8.88178419700125e-16,-2.66666666666667e+00,-1.02499359743952e-15,1.14269484669403e-15,1.41016417794243e+00,-1.05364554803702e-15,-5.00000000000001e-01},
{-9.85089969064671e-01,-3.33484490660431e+00,-3.82517293830798e-01,2.63343412378358e-01,-9.71033491298309e-02,2.41013845948776e+00,4.74585412644350e+00,-4.05522204029216e-01,4.14853134305911e-02,-2.01253295893245e+00,-1.76426270005870e+00,1.71966263488871e-01,1.56901054508254e+00,4.70287772129709e-01,-6.90212510791341e-01},{5.13947317981922e-01,-1.49045995187158e+00,-3.19693049585584e+00,-1.53875374176121e-01,1.38947317981920e-01,-3.88517631968031e-01,3.79779043211249e+00,3.79779043211249e+00,-3.88517631968032e-01,-6.10495858513131e-01,-3.08745972510273e+00,-6.10495858513129e-01,1.25557446083231e+00,1.25557446083231e+00,-8.32871893884846e-01},{-3.56113096098847e-01,1.02710602820433e+00,-2.12826041571874e+00,-3.33484490660431e+00,2.55900283966310e-01,4.14853134305904e-02,-4.05522204029216e-01,4.74585412644350e+00,2.41013845948776e+00,1.71966263488872e-01,-1.76426270005871e+00,-2.01253295893245e+00,4.70287772129709e-01,1.56901054508254e+00,-6.90212510791341e-01},{5.00000000000000e-01,-1.41016417794243e+00,2.66666666666667e+00,-6.75650248872424e+00,0.00000000000000e+00,-2.26915286684921e-15,3.06051969241357e-16,9.16195335460123e-17,6.75650248872424e+00,2.44249065417534e-15,-3.19200369724591e-17,-2.66666666666667e+00,-3.33066907387547e-15,1.41016417794243e+00,-5.00000000000000e-01},{-1.24099025303098e+00,2.15619006987962e-15,-1.04385552130873e-15,-5.90522113164659e-17,-8.57694755488664e-17,-1.36766936910670e-15,-4.44089209850063e-16,1.09278723570918e-15,-4.90149090680917e-17,1.74574312188794e+00,-1.36079389089505e-15,2.75207231452201e-16,-7.63762615825973e-01,-2.43033036605136e-17,2.59009746969017e-01},{3.71019669995841e-01,-8.89415460346616e-01,-1.89940821761876e-01,7.59984837645460e-02,-3.56139040803522e-02,-6.61277182036352e-01,-2.03710705556146e-01,4.47611023421850e-16,3.08919438797726e-02,7.55745350898689e-01,1.52729927717865e+00,-7.72073456692179e-02,-6.61277182036353e-01,-3.61530534897948e-01,3.19018410667360e-01},{-3.54632314747712e-01,7.37275665800899e-01,-9.45686172660566e-01,-2.28138278310263e-01,-3.33066907387547e-16,3.92422478777721e-01,-1.52729927717865e+00,1.47011072388053e-16,2.28138278310263e-01,0.00000000000000e+00,1.52729927717865e+00,9.45686172660566e-01,-3.92422478777721e-01,-7.37275665800899e-01,3.54632314747712e-01},{6.90212510791341e-01,-1.56901054508254e+00,2.01253295893245e+00,-2.41013845948776e+00,-2.55900283966310e-01,-4.70287772129710e-01,1.76426270005870e+00,-4.74585412644350e+00,3.33484490660431e+00,-1.71966263488870e-01,4.05522204029218e-01,2.12826041571874e+00,-4.14853134305921e-02,-1.02710602820433e+00,3.56113096098848e-01},{3.75000000000000e-01,-9.94758523703036e-16,8.88178419700125e-16,-1.84881521738735e-16,9.28568627788340e-17,-1.33658457769545e+00,-1.11022302462516e-15,1.73615647432490e-17,1.11022302462516e-16,5.50058512229525e-16,2.56248399359879e-16,-2.89544898376507e-16,1.33658457769545e+00,2.42727995967143e-16,-3.75000000000000e-01},{-3.19018410667360e-01,3.61530534897949e-01,7.72073456692172e-02,-3.08919438797719e-02,3.56139040803519e-02,6.61277182036352e-01,-1.52729927717865e+00,-6.08226385480569e-16,-7.59984837645464e-02,-7.55745350898689e-01,2.03710705556146e-01,1.89940821761877e-01,6.61277182036353e-01,8.89415460346615e-01,-3.71019669995841e-01},{8.32871893884848e-01,-1.25557446083231e+00,6.10495858513130e-01,3.88517631968031e-01,-1.38947317981921e-01,-1.25557446083231e+00,3.08745972510273e+00,-3.79779043211249e+00,1.53875374176121e-01,6.10495858513130e-01,-3.79779043211249e+00,3.19693049585584e+00,3.88517631968031e-01,1.49045995187157e+00,-5.13947317981921e-01},{-2.59009746969018e-01,4.82888281232148e-16,-2.22494303577642e-16,4.15942488405831e-16,-2.98441375260709e-17,7.63762615825973e-01,7.53705438626301e-16,-7.19628790659755e-16,-9.15586452026952e-17,-1.74574312188794e+00,1.28124199679940e-16,8.92595484610441e-17,5.08380383012204e-16,1.19696422091327e-16,1.24099025303098e+00},{6.90212510791340e-01,-4.70287772129710e-01,-1.71966263488870e-01,-4.14853134305922e-02,9.71033491298311e-02,-1.56901054508254e+00,1.76426270005870e+00,4.05522204029218e-01,-2.63343412378358e-01,2.01253295893245e+00,-4.74585412644349e+00,3.82517293830797e-01,-2.41013845948776e+00,3.33484490660431e+00,9.85089969064671e-01},{4.99999999999999e-01,9.97303743937886e-17,-3.53962532066485e-16,6.86748287332043e-17,1.84169359685668e-16,-1.41016417794242e+00,-1.42219265135909e-15,-4.22317483974253e-16,-1.04909457743238e-16,2.66666666666667e+00,-2.56248399359879e-16,7.56619137344522e-16,-6.75650248872424e+00,-1.54488307720757e-15,5.00000000000000e+00}};

double p_LIFT[15][15] = {{1.00000000000000e+01,6.75650248872425e+00,-2.66666666666666e+00,1.41016417794243e+00,-5.00000000000001e-01,7.50000000000002e-01,4.08333333333333e+00,5.33333333333334e+00,4.08333333333334e+00,7.50000000000000e-01,-5.00000000000001e-01,1.41016417794242e+00,-2.66666666666667e+00,6.75650248872425e+00,1.00000000000000e+01},
{1.24099025303098e+00,1.16666666666667e+01,2.66666666666667e+00,-8.33333333333331e-01,2.59009746969016e-01,-2.77815782689412e-01,-1.89026424032081e+00,-1.97478868120887e+00,1.25112280530609e+00,7.48888756055858e-01,1.64376550066592e-01,-5.26402426345856e-01,1.26730568801159e+00,-3.16778947197276e+00,1.19652517383288e-01},{-3.74999999999999e-01,2.04166666666667e+00,1.16666666666667e+01,2.04166666666667e+00,-3.75000000000001e-01,1.56249999999998e-02,2.34822046099791e+00,1.66666666666665e-01,-1.32738712766458e+00,6.71875000000000e-01,6.71875000000001e-01,-1.32738712766458e+00,1.66666666666667e-01,2.34822046099792e+00,1.56250000000003e-02},{2.59009746969018e-01,-8.33333333333331e-01,2.66666666666667e+00,1.16666666666667e+01,1.24099025303098e+00,1.19652517383288e-01,-3.16778947197276e+00,1.26730568801159e+00,-5.26402426345857e-01,1.64376550066593e-01,7.48888756055857e-01,1.25112280530609e+00,-1.97478868120887e+00,-1.89026424032082e+00,-2.77815782689412e-01},{-5.00000000000001e-01,1.41016417794242e+00,-2.66666666666667e+00,6.75650248872425e+00,1.00000000000000e+01,1.00000000000000e+01,6.75650248872424e+00,-2.66666666666666e+00,1.41016417794243e+00,-5.00000000000002e-01,7.50000000000002e-01,4.08333333333333e+00,5.33333333333334e+00,4.08333333333334e+00,7.50000000000001e-01},{1.19652517383288e-01,-3.16778947197276e+00,1.26730568801160e+00,-5.26402426345862e-01,1.64376550066593e-01,7.48888756055860e-01,1.25112280530609e+00,-1.97478868120887e+00,-1.89026424032081e+00,-2.77815782689412e-01,2.59009746969018e-01,-8.33333333333339e-01,2.66666666666668e+00,1.16666666666667e+01,1.24099025303099e+00},{-1.39460375758514e-01,-1.11249422320720e+00,-1.42029649182150e+00,2.02494419842013e-01,3.07453719524409e-03,-8.56272869483009e-02,2.59579971911873e-01,1.25216501862397e+00,2.59579971911872e-01,-8.56272869483010e-02,3.07453719524364e-03,2.02494419842013e-01,-1.42029649182150e+00,-1.11249422320720e+00,-1.39460375758514e-01},{3.07453719524389e-03,2.02494419842012e-01,-1.42029649182150e+00,-1.11249422320720e+00,-1.39460375758513e-01,-1.39460375758513e-01,-1.11249422320720e+00,-1.42029649182150e+00,2.02494419842013e-01,3.07453719524414e-03,-8.56272869483007e-02,2.59579971911872e-01,1.25216501862397e+00,2.59579971911873e-01,-8.56272869483009e-02},{1.64376550066592e-01,-5.26402426345857e-01,1.26730568801159e+00,-3.16778947197276e+00,1.19652517383288e-01,1.24099025303098e+00,1.16666666666667e+01,2.66666666666667e+00,-8.33333333333334e-01,2.59009746969015e-01,-2.77815782689412e-01,-1.89026424032081e+00,-1.97478868120887e+00,1.25112280530609e+00,7.48888756055858e-01},{1.56250000000006e-02,2.34822046099792e+00,1.66666666666667e-01,-1.32738712766458e+00,6.71875000000000e-01,6.71875000000000e-01,-1.32738712766458e+00,1.66666666666668e-01,2.34822046099792e+00,1.56250000000003e-02,-3.74999999999999e-01,2.04166666666667e+00,1.16666666666667e+01,2.04166666666667e+00,-3.75000000000000e-01},{-8.56272869483008e-02,2.59579971911872e-01,1.25216501862397e+00,2.59579971911872e-01,-8.56272869483013e-02,3.07453719524350e-03,2.02494419842012e-01,-1.42029649182150e+00,-1.11249422320720e+00,-1.39460375758513e-01,-1.39460375758513e-01,-1.11249422320720e+00,-1.42029649182150e+00,2.02494419842013e-01,3.07453719524404e-03},{6.71875000000000e-01,-1.32738712766458e+00,1.66666666666665e-01,2.34822046099792e+00,1.56250000000010e-02,-3.74999999999999e-01,2.04166666666667e+00,1.16666666666667e+01,2.04166666666667e+00,-3.75000000000000e-01,1.56249999999999e-02,2.34822046099792e+00,1.66666666666668e-01,-1.32738712766459e+00,6.71875000000000e-01},{-2.77815782689412e-01,-1.89026424032081e+00,-1.97478868120887e+00,1.25112280530609e+00,7.48888756055858e-01,1.64376550066592e-01,-5.26402426345858e-01,1.26730568801159e+00,-3.16778947197276e+00,1.19652517383289e-01,1.24099025303098e+00,1.16666666666667e+01,2.66666666666667e+00,-8.33333333333336e-01,2.59009746969015e-01},{7.48888756055858e-01,1.25112280530609e+00,-1.97478868120887e+00,-1.89026424032081e+00,-2.77815782689412e-01,2.59009746969017e-01,-8.33333333333334e-01,2.66666666666666e+00,1.16666666666667e+01,1.24099025303098e+00,1.19652517383289e-01,-3.16778947197276e+00,1.26730568801159e+00,-5.26402426345858e-01,1.64376550066593e-01},{7.50000000000002e-01,4.08333333333334e+00,5.33333333333334e+00,4.08333333333334e+00,7.50000000000000e-01,-5.00000000000002e-01,1.41016417794242e+00,-2.66666666666667e+00,6.75650248872425e+00,1.00000000000000e+01,1.00000000000000e+01,6.75650248872425e+00,-2.66666666666666e+00,1.41016417794243e+00,-5.00000000000002e-01}};

int p_Fmask[3][5] = {{0,1,2,3,4},
{4,8,11,13,14},{14,12,9,5,0}};

#endif
