#ifndef TRI06
#define TRI06

double p_r[28] = {-1.00000000000000e+00,-8.30223896278567e-01,-4.68848793470714e-01,1.66533453693773e-16,4.68848793470714e-01,8.30223896278567e-01,1.00000000000000e+00,-1.00000000000000e+00,-7.69516496193442e-01,-3.64769256536689e-01,1.08864652571010e-01,5.39032992386883e-01,8.30223896278567e-01,-1.00000000000000e+00,-7.44095396034322e-01,-3.33333333333333e-01,1.08864652571010e-01,4.68848793470714e-01,-1.00000000000000e+00,-7.44095396034321e-01,-3.64769256536689e-01,-1.66533453693773e-16,-1.00000000000000e+00,-7.69516496193441e-01,-4.68848793470714e-01,-1.00000000000000e+00,-8.30223896278567e-01,-1.00000000000000e+00};
double p_s[28] = {-1.00000000000000e+00,-1.00000000000000e+00,-1.00000000000000e+00,-1.00000000000000e+00,-1.00000000000000e+00,-1.00000000000000e+00,-1.00000000000000e+00,-8.30223896278567e-01,-7.69516496193442e-01,-7.44095396034321e-01,-7.44095396034321e-01,-7.69516496193442e-01,-8.30223896278567e-01,-4.68848793470714e-01,-3.64769256536689e-01,-3.33333333333333e-01,-3.64769256536689e-01,-4.68848793470714e-01,-1.66533453693773e-16,1.08864652571010e-01,1.08864652571010e-01,1.66533453693773e-16,4.68848793470714e-01,5.39032992386883e-01,4.68848793470714e-01,8.30223896278567e-01,8.30223896278567e-01,1.00000000000000e+00};

double p_w[7] = {4.76190476190476e-02,2.76826047361566e-01,4.31745381209863e-01,4.87619047619048e-01,4.31745381209863e-01,2.76826047361566e-01,4.76190476190476e-02};

double p_we[28] = {-3.63165392442814e-03,2.66299637997332e-02,2.63952481715052e-02,4.39643668967352e-02,2.63952481715053e-02,2.66299637997333e-02,-3.63165392442870e-03,2.66299637997333e-02,1.11628486003081e-01,1.78042977092718e-01,1.78042977092718e-01,1.11628486003080e-01,2.66299637997333e-02,2.63952481715053e-02,1.78042977092718e-01,1.57707268690100e-01,1.78042977092718e-01,2.63952481715055e-02,4.39643668967349e-02,1.78042977092718e-01,1.78042977092718e-01,4.39643668967348e-02,2.63952481715053e-02,1.11628486003080e-01,2.63952481715052e-02,2.66299637997336e-02,2.66299637997333e-02,-3.63165392442873e-03};
double p_Dr[28][28] = {{-1.05000000000000e+01,1.42015766029198e+01,-5.66898522554550e+00,3.20000000000000e+00,-2.04996481307674e+00,1.31737343570244e+00,-5.00000000000002e-01,-4.44089209850063e-16,0.00000000000000e+00,9.85610930281048e-16,-7.19164045065540e-16,2.69809495444835e-16,-6.16526266775197e-17,-1.13649676757707e-16,5.37762987337191e-16,-1.22857678270948e-15,1.21024990447550e-16,2.15884334916475e-16,8.71182935178573e-16,-7.05476003759245e-16,-2.88263301914130e-16,4.36020685958468e-16,-2.31783017149676e-16,4.63943895778029e-16,-8.92713991179224e-17,1.14533350259046e-16,-2.25695880655583e-16,2.87422617832688e-17},
{-2.44292601424429e+00,4.44089209850063e-15,3.45582821429428e+00,-1.59860668809836e+00,9.61339797288712e-01,-6.02247179635786e-01,2.26611870395445e-01,-6.66133814775094e-16,1.08360388859015e-15,-5.79564851720153e-17,-2.88855745871772e-16,3.11862426175344e-16,-2.72026380831051e-16,-3.39278107218359e-16,2.03724833873896e-16,-2.68844907597767e-16,4.37776135715478e-16,-2.34126392364165e-16,-3.72031655964320e-17,1.08839451318048e-16,-2.28004161939740e-16,1.38003933883254e-16,9.62306320055449e-17,-1.53413770053023e-16,6.27923192796124e-17,-8.29444549026326e-17,1.12168024876670e-16,-8.46568474972069e-18},{6.25256665515344e-01,-2.21580428316997e+00,2.78000538141761e-15,2.26669808708600e+00,-1.06644190400638e+00,6.16390835517580e-01,-2.26099400942574e-01,-2.22044604925031e-16,-2.22044604925031e-16,3.14223810203063e-16,5.23614996706295e-16,-1.96721341900412e-16,-2.18599408655953e-16,1.72741594132882e-16,-5.82287169442472e-17,-6.45124195129206e-16,2.95456765053663e-16,1.76958790451039e-17,8.67469989225164e-17,1.27235495789540e-16,1.02081451038894e-16,-6.32160134688265e-17,-1.33422098576248e-16,-6.89591001739497e-17,3.25812182828929e-17,1.41768579998727e-16,-4.38139924553237e-17,-3.38405605679418e-17},{-3.12500000000000e-01,9.07544471268821e-01,-2.00696924058875e+00,-4.07581251788943e-15,2.00696924058876e+00,-9.07544471268823e-01,3.12500000000000e-01,-4.33882973079591e-16,4.44089209850063e-16,2.07316069058743e-16,8.97616028301606e-17,-1.17322597175744e-16,-1.35819067152914e-16,-2.16176594396495e-16,-5.38453638284896e-17,3.43567034482028e-16,-4.46027764823068e-16,1.82921670048723e-16,3.06514311356206e-17,1.59956957535396e-16,-2.30986745012586e-16,1.29894690933448e-16,1.89996610582751e-17,9.47730096242693e-17,-1.39642778477306e-16,-1.40600823214156e-16,1.45760159883539e-16,-4.17065814204237e-18},{2.26099400942575e-01,-6.16390835517579e-01,1.06644190400637e+00,-2.26669808708600e+00,-2.93269730898712e-15,2.21580428316997e+00,-6.25256665515342e-01,0.00000000000000e+00,-1.11022302462516e-16,5.84258264529526e-16,-6.14371509373359e-16,5.29788249287958e-16,-2.43589226594881e-16,-2.46837776879138e-16,4.87864947087804e-16,9.08953626441194e-17,-1.86757381576742e-17,-3.97437084649260e-16,-4.10528117792034e-17,-2.13622230533707e-16,-5.48069089937356e-17,1.76801632892592e-16,9.07173121929665e-18,1.16942196364925e-16,-5.56407637157511e-18,-8.46515758443055e-18,-6.48078417531133e-17,2.34944007300712e-17},{-2.26611870395444e-01,6.02247179635784e-01,-9.61339797288709e-01,1.59860668809836e+00,-3.45582821429429e+00,5.75987850288891e-15,2.44292601424429e+00,-2.22044604925031e-16,-5.55111512312578e-17,-3.77841499010127e-16,8.94419073958288e-16,4.21445146318970e-16,-7.75684709069681e-16,5.32745656482012e-16,-1.08107958342557e-15,4.13631956808273e-16,-2.62248363589684e-16,2.04588222784474e-16,9.37682971672599e-17,-1.07628588552377e-17,5.36463068394092e-16,-3.38197873725809e-16,9.73267432672316e-17,-6.38606548033538e-16,2.21018291355259e-16,2.72299334906392e-16,-9.91711427146472e-18,-8.23480638976708e-17},{5.00000000000005e-01,-1.31737343570244e+00,2.04996481307675e+00,-3.20000000000000e+00,5.66898522554551e+00,-1.42015766029198e+01,1.05000000000000e+01,0.00000000000000e+00,3.21964677141295e-15,-4.37718647140739e-15,2.09458863243944e-15,-3.55585605558869e-15,2.30265410366538e-15,-2.62894573640649e-16,-2.74375313926878e-15,3.01756264997507e-15,-4.41492843225233e-16,1.51234827142430e-15,4.53785422472830e-17,-4.78512233586486e-17,5.27622464957556e-16,-1.04232520525565e-15,5.32847767642546e-16,1.06698345405326e-16,-4.92370218604973e-16,-9.67872239448690e-16,8.40205922092177e-16,4.68134064187479e-17},{-1.65526236197359e+00,4.38471282795740e+00,-3.69076033030142e+00,3.11747792283216e+00,-2.58913977764783e+00,1.98565636424720e+00,-8.43977350015453e-01,-7.12507441683168e+00,1.03366348298760e+01,-4.49628155724665e+00,2.34478853176586e+00,-1.16729180137980e+00,3.44249715708739e-01,-8.26224058090408e-01,-9.45922428050147e-01,4.95110484073913e-01,-2.75599541876782e-01,1.30765183851800e-01,5.71901709528537e-01,2.68226406035682e-01,-9.86946207148684e-02,1.94296342056565e-02,-4.01045374042670e-01,-1.00159061542284e-01,2.85761316875956e-02,2.75218418258493e-01,2.04108989450097e-02,-1.07726379260520e-01},{5.51700056226396e-01,-9.20104053474742e-01,1.17696168165565e+00,-1.09824452084707e+00,9.85063742748064e-01,-8.00078707814439e-01,3.54779664141682e-01,-1.55440166632881e+00,-5.15149963726369e-01,3.20974855119465e+00,-1.43233601924139e+00,6.95639408783119e-01,-2.07482380848014e-01,-3.69212842399968e-01,-1.92205061266649e-01,-1.20629762401218e-01,9.93519532104312e-02,-6.17815448149878e-02,1.89652765973479e-01,1.35242401607971e-01,8.96512038103362e-04,9.13360226994619e-04,-1.45634649909381e-01,-6.85655438969075e-02,4.39599881937203e-04,1.09411985011792e-01,2.37132722594269e-02,-4.76882379897413e-02},{-3.20957983767706e-01,6.51774159797320e-01,-7.18576448848937e-01,7.71099559395818e-01,-7.23259497190547e-01,6.14489372336815e-01,-2.83998299266591e-01,4.19852151379713e-01,-1.80093424110881e+00,-1.00421207276015e-01,2.10899581546239e+00,-8.27141441911216e-01,2.34908573833410e-01,9.36893791356476e-02,-1.56438200697468e-01,8.83212452632217e-03,-7.22232326861044e-02,5.97280537276030e-02,-8.06398527537778e-03,6.51069749862139e-02,2.63017525741354e-02,-1.02352893204194e-02,-9.98936349756592e-03,-4.72457121351985e-02,1.41479522206672e-03,2.01865004044411e-02,1.45583631289544e-02,-1.14526729288927e-02},{2.83998299266590e-01,-6.14489372336814e-01,7.23259497190546e-01,-7.71099559395820e-01,7.18576448848939e-01,-6.51774159797321e-01,3.20957983767706e-01,-2.34908573833410e-01,8.27141441911215e-01,-2.10899581546239e+00,1.00421207276013e-01,1.80093424110881e+00,-4.19852151379712e-01,-5.97280537276027e-02,7.22232326861054e-02,-8.83212452632081e-03,1.56438200697467e-01,-9.36893791356480e-02,1.02352893204179e-02,-2.63017525741369e-02,-6.51069749862138e-02,8.06398527537873e-03,-1.41479522206593e-03,4.72457121351990e-02,9.98936349756525e-03,-1.45583631289549e-02,-2.01865004044408e-02,1.14526729288931e-02},{-3.54779664141683e-01,8.00078707814437e-01,-9.85063742748061e-01,1.09824452084707e+00,-1.17696168165565e+00,9.20104053474742e-01,-5.51700056226396e-01,2.07482380848015e-01,-6.95639408783120e-01,1.43233601924139e+00,-3.20974855119465e+00,5.15149963726380e-01,1.55440166632881e+00,6.17815448149876e-02,-9.93519532104307e-02,1.20629762401216e-01,1.92205061266648e-01,3.69212842399969e-01,-9.13360226994703e-04,-8.96512038103092e-04,-1.35242401607969e-01,-1.89652765973480e-01,-4.39599881937577e-04,6.85655438969068e-02,1.45634649909381e-01,-2.37132722594268e-02,-1.09411985011792e-01,4.76882379897412e-02},{8.43977350015453e-01,-1.98565636424720e+00,2.58913977764783e+00,-3.11747792283217e+00,3.69076033030144e+00,-4.38471282795743e+00,1.65526236197361e+00,-3.44249715708743e-01,1.16729180137980e+00,-2.34478853176586e+00,4.49628155724665e+00,-1.03366348298760e+01,7.12507441683167e+00,-1.30765183851797e-01,2.75599541876780e-01,-4.95110484073914e-01,9.45922428050152e-01,8.26224058090410e-01,-1.94296342056583e-02,9.86946207148695e-02,-2.68226406035686e-01,-5.71901709528536e-01,-2.85761316875963e-02,1.00159061542281e-01,4.01045374042676e-01,-2.04108989450102e-02,-2.75218418258494e-01,1.07726379260522e-01},{8.87930793133487e-01,-1.02759366580947e+00,-4.82833485180329e-01,1.68593636797013e+00,-2.45278165541391e+00,2.61081643661034e+00,-1.34502316935165e+00,-2.23920675711944e+00,6.76931731256230e+00,-6.39693641182385e+00,5.18839165913916e+00,-3.45617095179892e+00,1.24243281080507e+00,-6.50602793053285e+00,8.62443520117430e+00,-3.25766346417497e+00,1.14330417024239e+00,-7.07724272041067e-02,-6.02196415382211e-01,-1.04219173113714e+00,5.53756967240388e-01,-2.51782811461864e-01,4.81800595558687e-01,2.41473389204376e-01,-3.92236744490878e-02,-3.23816642746051e-01,-7.32546339061350e-02,1.37880123851360e-01},{-4.12664286788226e-01,4.97711061594780e-01,-1.79123379556237e-01,-3.03859962628509e-01,6.96732210760858e-01,-8.86639888254702e-01,5.03212608310750e-01,8.31455490737984e-01,-1.63801296908296e+00,2.27243364667420e+00,-2.07617822079159e+00,1.52017782796112e+00,-5.88720267393369e-01,-1.24938678144732e+00,-5.85691724001845e-01,2.84009912349908e+00,-9.73674098247191e-01,1.50298875090107e-01,-4.51547313554034e-01,-8.63062303943060e-02,-2.12158769456062e-01,1.39124528570036e-01,2.06798603799363e-01,1.15675559890656e-01,-1.53893836757189e-02,-1.51757290692054e-01,-2.25793915113353e-02,5.99704205865404e-02},{3.66413745923740e-01,-5.66249526605153e-01,3.38652665436647e-01,4.77048955893622e-16,-3.38652665436649e-01,5.66249526605154e-01,-3.66413745923740e-01,-5.48774241350564e-01,1.30311443509950e+00,-1.64519251863762e+00,1.64519251863762e+00,-1.30311443509950e+00,5.48774241350562e-01,3.17089827077722e-01,-1.83562763517934e+00,-1.66533453693773e-16,1.83562763517934e+00,-3.17089827077721e-01,1.48938750207324e-01,-1.90435116541719e-01,1.90435116541719e-01,-1.48938750207324e-01,-2.15628383589269e-02,2.22044604925031e-16,2.15628383589270e-02,1.74752852545901e-02,-1.74752852545903e-02,4.16333634234434e-17},{-5.03212608310752e-01,8.86639888254703e-01,-6.96732210760857e-01,3.03859962628508e-01,1.79123379556239e-01,-4.97711061594781e-01,4.12664286788226e-01,5.88720267393372e-01,-1.52017782796112e+00,2.07617822079160e+00,-2.27243364667420e+00,1.63801296908296e+00,-8.31455490737982e-01,-1.50298875090109e-01,9.73674098247194e-01,-2.84009912349908e+00,5.85691724001850e-01,1.24938678144732e+00,-1.39124528570035e-01,2.12158769456060e-01,8.63062303943091e-02,4.51547313554034e-01,1.53893836757177e-02,-1.15675559890656e-01,-2.06798603799364e-01,2.25793915113357e-02,1.51757290692054e-01,-5.99704205865409e-02},{1.34502316935165e+00,-2.61081643661034e+00,2.45278165541391e+00,-1.68593636797013e+00,4.82833485180327e-01,1.02759366580947e+00,-8.87930793133488e-01,-1.24243281080508e+00,3.45617095179893e+00,-5.18839165913917e+00,6.39693641182385e+00,-6.76931731256229e+00,2.23920675711944e+00,7.07724272041140e-02,-1.14330417024240e+00,3.25766346417499e+00,-8.62443520117431e+00,6.50602793053285e+00,2.51782811461865e-01,-5.53756967240389e-01,1.04219173113713e+00,6.02196415382214e-01,3.92236744490844e-02,-2.41473389204375e-01,-4.81800595558684e-01,7.32546339061351e-02,3.23816642746049e-01,-1.37880123851360e-01},{-4.47901436063787e-01,8.30258301353077e-02,4.96532554954718e-01,-1.40619333292211e-02,-1.16289086509571e+00,2.28194935518887e+00,-1.57192477224580e+00,1.30395819235069e+00,-1.11591788719277e+00,-2.03607375368107e+00,4.39884313984247e+00,-4.74524525480741e+00,2.28194935518887e+00,-2.37544840717226e+00,7.64524684368271e+00,-6.87679224786540e+00,4.39884313984246e+00,-1.16289086509571e+00,-6.33248576164119e+00,7.64524684368270e+00,-2.03607375368107e+00,-1.40619333292122e-02,-3.68479166583504e-01,-1.11591788719277e+00,4.96532554954717e-01,3.96413721081867e-01,8.30258301353061e-02,-1.35401436063794e-01},{3.43968719853132e-01,-2.57487965344747e-01,-7.51174374033217e-02,1.49359817890458e-01,1.48884079868040e-01,-6.03278630522323e-01,5.14665281239643e-01,-7.66246663028872e-01,9.42817001801876e-01,-1.39935536769960e-01,-9.99975850821327e-01,1.56742354009631e+00,-9.06826388659141e-01,9.30058100989913e-01,-2.19530204585670e+00,2.83126699897276e+00,-2.14128519577781e+00,7.06721574258424e-01,-1.22264687294986e+00,-4.85270516725836e-01,2.42887184737167e+00,-2.95795977353131e-01,-5.30810332598382e-01,1.62921272025854e-01,-2.72812758691887e-01,1.79681330940663e-01,7.78589102150671e-02,-9.17063030205207e-02},{-5.14665281239644e-01,6.03278630522326e-01,-1.48884079868043e-01,-1.49359817890456e-01,7.51174374033234e-02,2.57487965344744e-01,-3.43968719853131e-01,9.06826388659144e-01,-1.56742354009632e+00,9.99975850821337e-01,1.39935536769950e-01,-9.42817001801868e-01,7.66246663028867e-01,-7.06721574258426e-01,2.14128519577781e+00,-2.83126699897276e+00,2.19530204585669e+00,-9.30058100989912e-01,2.95795977353131e-01,-2.42887184737167e+00,4.85270516725837e-01,1.22264687294986e+00,2.72812758691887e-01,-1.62921272025857e-01,5.30810332598383e-01,-7.78589102150667e-02,-1.79681330940662e-01,9.17063030205209e-02},{1.57192477224581e+00,-2.28194935518888e+00,1.16289086509571e+00,1.40619333292171e-02,-4.96532554954721e-01,-8.30258301353014e-02,4.47901436063795e-01,-2.28194935518888e+00,4.74524525480743e+00,-4.39884313984247e+00,2.03607375368108e+00,1.11591788719275e+00,-1.30395819235068e+00,1.16289086509572e+00,-4.39884313984247e+00,6.87679224786540e+00,-7.64524684368270e+00,2.37544840717225e+00,1.40619333292161e-02,2.03607375368108e+00,-7.64524684368271e+00,6.33248576164119e+00,-4.96532554954717e-01,1.11591788719276e+00,3.68479166583506e-01,-8.30258301353057e-02,-3.96413721081863e-01,1.35401436063795e-01},{3.63979524793932e-01,-7.32546339061353e-02,-3.92236744490855e-02,-2.51782811461867e-01,-7.07724272041086e-02,1.24243281080507e+00,-1.34502316935165e+00,-9.40207478263630e-01,2.41473389204376e-01,5.53756967240396e-01,1.14330417024240e+00,-3.45617095179892e+00,2.61081643661034e+00,1.54824249956506e+00,-1.04219173113713e+00,-3.25766346417499e+00,5.18839165913917e+00,-2.45278165541391e+00,-2.86889450246822e+00,8.62443520117430e+00,-6.39693641182385e+00,1.68593636797014e+00,-6.50602793053285e+00,6.76931731256230e+00,-4.82833485180329e-01,-2.34024739494738e-02,-1.02759366580947e+00,2.62674127618147e-01},{-4.02467902131424e-01,2.31195653107442e-01,6.22211446969257e-02,4.44089209850063e-16,-6.22211446969257e-02,-2.31195653107442e-01,4.02467902131423e-01,9.09490692826231e-01,-7.64204952680026e-01,-9.84554411723282e-02,9.84554411723275e-02,7.64204952680025e-01,-9.09490692826227e-01,-1.13069839265745e+00,1.56757842084936e+00,3.99680288865056e-15,-1.56757842084936e+00,1.13069839265744e+00,1.28789728682056e+00,-3.40195361246130e+00,3.40195361246130e+00,-1.28789728682055e+00,-1.54617452405562e+00,1.95676808090184e-15,1.54617452405562e+00,-6.34297612854070e-01,6.34297612854069e-01,-1.11022302462516e-16},{1.34502316935165e+00,-1.24243281080507e+00,7.07724272041093e-02,2.51782811461865e-01,3.92236744490835e-02,7.32546339061381e-02,-3.63979524793936e-01,-2.61081643661034e+00,3.45617095179893e+00,-1.14330417024240e+00,-5.53756967240385e-01,-2.41473389204380e-01,9.40207478263629e-01,2.45278165541391e+00,-5.18839165913916e+00,3.25766346417497e+00,1.04219173113714e+00,-1.54824249956506e+00,-1.68593636797013e+00,6.39693641182385e+00,-8.62443520117429e+00,2.86889450246821e+00,4.82833485180327e-01,-6.76931731256231e+00,6.50602793053285e+00,1.02759366580947e+00,2.34024739494733e-02,-2.62674127618147e-01},{-3.34338249655971e-01,2.04108989450120e-02,2.85761316875950e-02,1.94296342056575e-02,1.30765183851799e-01,3.44249715708741e-01,-8.43977350015452e-01,8.77465597894287e-01,-1.00159061542289e-01,-9.86946207148676e-02,-2.75599541876786e-01,-1.16729180137980e+00,1.98565636424720e+00,-1.36238517133140e+00,2.68226406035697e-01,4.95110484073917e-01,2.34478853176587e+00,-2.58913977764783e+00,2.17050839762691e+00,-9.45922428050175e-01,-4.49628155724664e+00,3.11747792283216e+00,-4.28205227238470e+00,1.03366348298761e+01,-3.69076033030143e+00,-7.12507441683168e+00,4.38471282795742e+00,7.87663652270683e-01},{8.43977350015459e-01,-3.44249715708746e-01,-1.30765183851798e-01,-1.94296342056561e-02,-2.85761316875963e-02,-2.04108989450090e-02,3.34338249655965e-01,-1.98565636424721e+00,1.16729180137981e+00,2.75599541876779e-01,9.86946207148693e-02,1.00159061542279e-01,-8.77465597894275e-01,2.58913977764784e+00,-2.34478853176588e+00,-4.95110484073914e-01,-2.68226406035682e-01,1.36238517133138e+00,-3.11747792283217e+00,4.49628155724667e+00,9.45922428050142e-01,-2.17050839762690e+00,3.69076033030143e+00,-1.03366348298760e+01,4.28205227238470e+00,-4.38471282795741e+00,7.12507441683167e+00,-7.87663652270685e-01},{4.99999999999995e-01,2.52760952031456e-15,1.35940383239606e-15,2.22044604925031e-15,1.76151275741357e-16,-3.01828314771075e-16,-5.00000000000004e-01,-1.31737343570242e+00,-8.09789944804409e-15,-2.22044604925031e-15,-7.02009120456720e-15,-8.25140879159572e-17,1.31737343570244e+00,2.04996481307673e+00,1.85103600706570e-14,3.67708403194148e-15,1.30996649725098e-14,-2.04996481307675e+00,-3.19999999999998e+00,-2.86965201211329e-14,-1.73892355981855e-14,3.20000000000001e+00,5.66898522554548e+00,7.44550021089814e-14,-5.66898522554554e+00,-1.42015766029198e+01,1.42015766029198e+01,1.77635683940025e-15}};

double p_Ds[28][28] = {{-1.05000000000000e+01,-4.14955196497167e-15,2.83562917316864e-15,-6.66133814775094e-16,-3.80775976289529e-15,1.01457226595967e-15,4.44089209850063e-16,1.42015766029198e+01,-1.23066431443616e-15,-4.10782519111308e-15,7.35968818586792e-15,-2.47592903869467e-15,-1.00691431349344e-15,-5.66898522554552e+00,3.08786235606044e-16,1.75517750049570e-15,-4.23634111928772e-16,-8.88178419700125e-16,3.20000000000000e+00,-5.91477506601930e-16,3.33257836401467e-15,8.88178419700125e-16,-2.04996481307674e+00,-3.34538806774922e-15,-1.22124532708767e-15,1.31737343570244e+00,-1.60154316543324e-15,-4.99999999999999e-01},
{-1.65526236197360e+00,-7.12507441683168e+00,-8.26224058090413e-01,5.71901709528540e-01,-4.01045374042678e-01,2.75218418258497e-01,-1.07726379260521e-01,4.38471282795742e+00,1.03366348298760e+01,-9.45922428050157e-01,2.68226406035693e-01,-1.00159061542289e-01,2.04108989450108e-02,-3.69076033030143e+00,-4.49628155724665e+00,4.95110484073912e-01,-9.86946207148653e-02,2.85761316875943e-02,3.11747792283216e+00,2.34478853176586e+00,-2.75599541876775e-01,1.94296342056552e-02,-2.58913977764782e+00,-1.16729180137981e+00,1.30765183851798e-01,1.98565636424720e+00,3.44249715708740e-01,-8.43977350015452e-01},{8.87930793133493e-01,-2.23920675711945e+00,-6.50602793053285e+00,-6.02196415382209e-01,4.81800595558684e-01,-3.23816642746052e-01,1.37880123851361e-01,-1.02759366580948e+00,6.76931731256231e+00,8.62443520117430e+00,-1.04219173113714e+00,2.41473389204376e-01,-7.32546339061355e-02,-4.82833485180324e-01,-6.39693641182385e+00,-3.25766346417499e+00,5.53756967240391e-01,-3.92236744490840e-02,1.68593636797013e+00,5.18839165913916e+00,1.14330417024241e+00,-2.51782811461868e-01,-2.45278165541391e+00,-3.45617095179894e+00,-7.07724272041107e-02,2.61081643661034e+00,1.24243281080507e+00,-1.34502316935165e+00},{-4.47901436063797e-01,1.30395819235069e+00,-2.37544840717225e+00,-6.33248576164120e+00,-3.68479166583496e-01,3.96413721081860e-01,-1.35401436063793e-01,8.30258301353091e-02,-1.11591788719277e+00,7.64524684368270e+00,7.64524684368270e+00,-1.11591788719276e+00,8.30258301353027e-02,4.96532554954718e-01,-2.03607375368107e+00,-6.87679224786540e+00,-2.03607375368108e+00,4.96532554954719e-01,-1.40619333292147e-02,4.39884313984246e+00,4.39884313984247e+00,-1.40619333292146e-02,-1.16289086509571e+00,-4.74524525480742e+00,-1.16289086509571e+00,2.28194935518888e+00,2.28194935518887e+00,-1.57192477224581e+00},{3.63979524793930e-01,-9.40207478263627e-01,1.54824249956506e+00,-2.86889450246821e+00,-6.50602793053285e+00,-2.34024739494731e-02,2.62674127618149e-01,-7.32546339061320e-02,2.41473389204377e-01,-1.04219173113714e+00,8.62443520117430e+00,6.76931731256231e+00,-1.02759366580947e+00,-3.92236744490868e-02,5.53756967240398e-01,-3.25766346417498e+00,-6.39693641182386e+00,-4.82833485180327e-01,-2.51782811461863e-01,1.14330417024239e+00,5.18839165913916e+00,1.68593636797013e+00,-7.07724272041115e-02,-3.45617095179892e+00,-2.45278165541391e+00,1.24243281080508e+00,2.61081643661033e+00,-1.34502316935165e+00},{-3.34338249655970e-01,8.77465597894283e-01,-1.36238517133139e+00,2.17050839762691e+00,-4.28205227238470e+00,-7.12507441683167e+00,7.87663652270683e-01,2.04108989450142e-02,-1.00159061542287e-01,2.68226406035690e-01,-9.45922428050164e-01,1.03366348298761e+01,4.38471282795741e+00,2.85761316875961e-02,-9.86946207148671e-02,4.95110484073922e-01,-4.49628155724665e+00,-3.69076033030143e+00,1.94296342056574e-02,-2.75599541876785e-01,2.34478853176587e+00,3.11747792283216e+00,1.30765183851797e-01,-1.16729180137980e+00,-2.58913977764783e+00,3.44249715708745e-01,1.98565636424720e+00,-8.43977350015452e-01},{5.00000000000005e-01,-1.31737343570244e+00,2.04996481307674e+00,-3.20000000000000e+00,5.66898522554551e+00,-1.42015766029198e+01,-5.10702591327572e-15,3.55271367880050e-15,1.99840144432528e-15,2.66453525910038e-15,-1.03482867865446e-14,6.57018459537701e-15,1.42015766029198e+01,-4.88498130835069e-15,4.84459579109549e-15,-1.07801823149197e-15,1.26765310680066e-14,-5.66898522554551e+00,4.04656666600759e-15,-3.40815348506224e-15,-5.48046600198364e-15,3.20000000000000e+00,-3.77887377096570e-15,7.64308090047594e-15,-2.04996481307674e+00,0.00000000000000e+00,1.31737343570243e+00,-5.00000000000000e-01},{-2.44292601424428e+00,-9.66922014215869e-16,-1.39049939911530e-16,2.22044604925031e-16,-2.03760352297462e-15,-1.68707782519187e-16,-1.33226762955019e-15,-9.95481936470061e-15,1.27490195488709e-15,3.35842464949110e-15,1.03679997779223e-15,1.39975170809810e-15,5.20215308515927e-16,3.45582821429429e+00,-5.41713464987094e-16,-4.23618486241930e-15,2.76427957182014e-16,-1.33226762955019e-15,-1.59860668809837e+00,1.89035846255533e-15,1.23315901754627e-15,8.88178419700125e-16,9.61339797288710e-01,1.96570842327717e-16,-1.06759420196226e-15,-6.02247179635786e-01,1.28275490067471e-15,2.26611870395445e-01},{5.51700056226396e-01,-1.55440166632881e+00,-3.69212842399970e-01,1.89652765973479e-01,-1.45634649909381e-01,1.09411985011792e-01,-4.76882379897416e-02,-9.20104053474741e-01,-5.15149963726371e-01,-1.92205061266645e-01,1.35242401607967e-01,-6.85655438969065e-02,2.37132722594272e-02,1.17696168165565e+00,3.20974855119465e+00,-1.20629762401215e-01,8.96512038102619e-04,4.39599881937758e-04,-1.09824452084708e+00,-1.43233601924139e+00,9.93519532104281e-02,9.13360226996063e-04,9.85063742748062e-01,6.95639408783122e-01,-6.17815448149895e-02,-8.00078707814440e-01,-2.07482380848013e-01,3.54779664141683e-01},{-4.12664286788228e-01,8.31455490737983e-01,-1.24938678144732e+00,-4.51547313554035e-01,2.06798603799363e-01,-1.51757290692055e-01,5.99704205865404e-02,4.97711061594782e-01,-1.63801296908296e+00,-5.85691724001853e-01,-8.63062303943074e-02,1.15675559890656e-01,-2.25793915113340e-02,-1.79123379556240e-01,2.27243364667420e+00,2.84009912349909e+00,-2.12158769456060e-01,-1.53893836757211e-02,-3.03859962628506e-01,-2.07617822079159e+00,-9.73674098247196e-01,1.39124528570036e-01,6.96732210760857e-01,1.52017782796111e+00,1.50298875090108e-01,-8.86639888254701e-01,-5.88720267393368e-01,5.03212608310750e-01},{3.43968719853132e-01,-7.66246663028870e-01,9.30058100989909e-01,-1.22264687294985e+00,-5.30810332598383e-01,1.79681330940664e-01,-9.17063030205233e-02,-2.57487965344745e-01,9.42817001801874e-01,-2.19530204585670e+00,-4.85270516725834e-01,1.62921272025853e-01,7.78589102150694e-02,-7.51174374033210e-02,-1.39935536769957e-01,2.83126699897276e+00,2.42887184737167e+00,-2.72812758691889e-01,1.49359817890453e-01,-9.99975850821327e-01,-2.14128519577781e+00,-2.95795977353128e-01,1.48884079868042e-01,1.56742354009631e+00,7.06721574258423e-01,-6.03278630522325e-01,-9.06826388659140e-01,5.14665281239643e-01},{-4.02467902131423e-01,9.09490692826228e-01,-1.13069839265744e+00,1.28789728682055e+00,-1.54617452405563e+00,-6.34297612854068e-01,-1.55431223447522e-15,2.31195653107441e-01,-7.64204952680026e-01,1.56757842084936e+00,-3.40195361246130e+00,4.77395900588817e-15,6.34297612854070e-01,6.22211446969256e-02,-9.84554411723290e-02,-1.22124532708767e-15,3.40195361246130e+00,1.54617452405562e+00,-1.44328993201270e-15,9.84554411723295e-02,-1.56757842084936e+00,-1.28789728682055e+00,-6.22211446969260e-02,7.64204952680024e-01,1.13069839265745e+00,-2.31195653107442e-01,-9.09490692826228e-01,4.02467902131423e-01},{8.43977350015457e-01,-1.98565636424721e+00,2.58913977764783e+00,-3.11747792283217e+00,3.69076033030144e+00,-4.38471282795742e+00,-7.87663652270687e-01,-3.44249715708742e-01,1.16729180137980e+00,-2.34478853176587e+00,4.49628155724666e+00,-1.03366348298760e+01,7.12507441683168e+00,-1.30765183851798e-01,2.75599541876783e-01,-4.95110484073916e-01,9.45922428050146e-01,4.28205227238470e+00,-1.94296342056566e-02,9.86946207148694e-02,-2.68226406035683e-01,-2.17050839762690e+00,-2.85761316875954e-02,1.00159061542273e-01,1.36238517133139e+00,-2.04108989450109e-02,-8.77465597894278e-01,3.34338249655969e-01},{6.25256665515341e-01,3.03586514763620e-16,-3.94677107737645e-16,0.00000000000000e+00,3.90316621576574e-17,2.41449459896382e-17,2.45935912568735e-17,-2.21580428316997e+00,1.07540590408609e-15,1.23512311489549e-15,-4.85561531890817e-16,4.54526689816291e-16,-3.25353316056746e-16,2.10421231193109e-15,-1.30862108466241e-15,3.40449995209323e-16,-6.65505960396750e-16,5.39893455817094e-16,2.26669808708600e+00,6.86477665219066e-16,-4.46293631635377e-16,-8.94670777199867e-16,-1.06644190400637e+00,-6.48205458885182e-16,1.22124532708767e-15,6.16390835517579e-01,-8.84401764218789e-16,-2.26099400942574e-01},{-3.20957983767706e-01,4.19852151379713e-01,9.36893791356488e-02,-8.06398527537927e-03,-9.98936349756530e-03,2.01865004044407e-02,-1.14526729288926e-02,6.51774159797322e-01,-1.80093424110881e+00,-1.56438200697468e-01,6.51069749862141e-02,-4.72457121351975e-02,1.45583631289542e-02,-7.18576448848940e-01,-1.00421207276009e-01,8.83212452632048e-03,2.63017525741367e-02,1.41479522206633e-03,7.71099559395822e-01,2.10899581546238e+00,-7.22232326861052e-02,-1.02352893204196e-02,-7.23259497190547e-01,-8.27141441911216e-01,5.97280537276040e-02,6.14489372336815e-01,2.34908573833408e-01,-2.83998299266591e-01},{3.66413745923740e-01,-5.48774241350563e-01,3.17089827077721e-01,1.48938750207324e-01,-2.15628383589282e-02,1.74752852545910e-02,1.52655665885959e-16,-5.66249526605153e-01,1.30311443509950e+00,-1.83562763517934e+00,-1.90435116541717e-01,0.00000000000000e+00,-1.74752852545905e-02,3.38652665436649e-01,-1.64519251863762e+00,8.88178419700125e-16,1.90435116541719e-01,2.15628383589277e-02,-2.22044604925031e-16,1.64519251863762e+00,1.83562763517934e+00,-1.48938750207325e-01,-3.38652665436648e-01,-1.30311443509950e+00,-3.17089827077720e-01,5.66249526605154e-01,5.48774241350561e-01,-3.66413745923739e-01},{-5.14665281239645e-01,9.06826388659144e-01,-7.06721574258423e-01,2.95795977353129e-01,2.72812758691888e-01,-7.78589102150690e-02,9.17063030205223e-02,6.03278630522325e-01,-1.56742354009632e+00,2.14128519577781e+00,-2.42887184737167e+00,-1.62921272025852e-01,-1.79681330940663e-01,-1.48884079868044e-01,9.99975850821331e-01,-2.83126699897276e+00,4.85270516725839e-01,5.30810332598382e-01,-1.49359817890454e-01,1.39935536769954e-01,2.19530204585670e+00,1.22264687294985e+00,7.51174374033212e-02,-9.42817001801873e-01,-9.30058100989911e-01,2.57487965344747e-01,7.66246663028867e-01,-3.43968719853131e-01},{1.34502316935165e+00,-2.61081643661034e+00,2.45278165541390e+00,-1.68593636797012e+00,4.82833485180327e-01,1.02759366580947e+00,-2.62674127618147e-01,-1.24243281080507e+00,3.45617095179893e+00,-5.18839165913916e+00,6.39693641182385e+00,-6.76931731256230e+00,2.34024739494736e-02,7.07724272041134e-02,-1.14330417024240e+00,3.25766346417499e+00,-8.62443520117430e+00,6.50602793053285e+00,2.51782811461866e-01,-5.53756967240393e-01,1.04219173113714e+00,2.86889450246821e+00,3.92236744490848e-02,-2.41473389204376e-01,-1.54824249956506e+00,7.32546339061368e-02,9.40207478263629e-01,-3.63979524793932e-01},{-3.12500000000000e-01,-6.95350452978586e-17,-2.16298488237109e-16,-2.22044604925031e-16,1.22883962089801e-16,1.34049833145361e-16,-1.11022302462516e-16,9.07544471268821e-01,-4.67451006772446e-17,3.60822483003176e-16,4.23076239002808e-17,-6.98740660669210e-16,4.86192265511918e-16,-2.00696924058875e+00,-2.90736631039251e-17,8.21241531102097e-16,6.36684628554892e-16,-4.44089209850062e-16,2.18293045145740e-15,-3.16389235016096e-16,-4.79586331615254e-16,2.22044604925031e-16,2.00696924058875e+00,1.31255629476241e-15,-1.12410081243297e-15,-9.07544471268821e-01,1.12797637234987e-15,3.12499999999999e-01},{2.83998299266591e-01,-2.34908573833410e-01,-5.97280537276039e-02,1.02352893204202e-02,-1.41479522206656e-03,-1.45583631289538e-02,1.14526729288921e-02,-6.14489372336815e-01,8.27141441911217e-01,7.22232326861046e-02,-2.63017525741355e-02,4.72457121351966e-02,-2.01865004044396e-02,7.23259497190549e-01,-2.10899581546239e+00,-8.83212452632365e-03,-6.51069749862123e-02,9.98936349756486e-03,-7.71099559395821e-01,1.00421207276011e-01,1.56438200697466e-01,8.06398527537899e-03,7.18576448848938e-01,1.80093424110881e+00,-9.36893791356495e-02,-6.51774159797321e-01,-4.19852151379711e-01,3.20957983767705e-01},{-5.03212608310752e-01,5.88720267393371e-01,-1.50298875090108e-01,-1.39124528570037e-01,1.53893836757203e-02,2.25793915113341e-02,-5.99704205865412e-02,8.86639888254704e-01,-1.52017782796112e+00,9.73674098247196e-01,2.12158769456058e-01,-1.15675559890654e-01,1.51757290692055e-01,-6.96732210760859e-01,2.07617822079160e+00,-2.84009912349908e+00,8.63062303943067e-02,-2.06798603799365e-01,3.03859962628509e-01,-2.27243364667420e+00,5.85691724001847e-01,4.51547313554036e-01,1.79123379556239e-01,1.63801296908296e+00,1.24938678144732e+00,-4.97711061594780e-01,-8.31455490737981e-01,4.12664286788226e-01},{1.57192477224581e+00,-2.28194935518888e+00,1.16289086509571e+00,1.40619333292151e-02,-4.96532554954720e-01,-8.30258301353036e-02,1.35401436063795e-01,-2.28194935518888e+00,4.74524525480743e+00,-4.39884313984247e+00,2.03607375368108e+00,1.11591788719276e+00,-3.96413721081862e-01,1.16289086509572e+00,-4.39884313984248e+00,6.87679224786541e+00,-7.64524684368270e+00,3.68479166583501e-01,1.40619333292157e-02,2.03607375368108e+00,-7.64524684368272e+00,6.33248576164119e+00,-4.96532554954715e-01,1.11591788719276e+00,2.37544840717226e+00,-8.30258301353060e-02,-1.30395819235068e+00,4.47901436063793e-01},{2.26099400942575e-01,-3.75043288315627e-17,-8.08838928109436e-17,1.43194988336463e-16,-2.09099443268366e-16,9.78254692730985e-17,3.33066907387547e-16,-6.16390835517581e-01,-2.75017747819348e-16,5.55111512312578e-17,1.73621974735563e-16,1.45671368055910e-15,-1.08237675975003e-15,1.06644190400638e+00,-4.83804675816291e-16,-1.32756907644553e-15,-2.33315626412420e-15,1.33226762955019e-15,-2.26669808708600e+00,1.05503316264851e-15,4.13249778134081e-15,-8.88178419700125e-16,2.44766989651177e-15,-6.61312959812021e-15,1.01307850997046e-15,2.21580428316997e+00,-1.63886827920866e-15,-6.25256665515342e-01},{-3.54779664141684e-01,2.07482380848016e-01,6.17815448149884e-02,-9.13360226994842e-04,-4.39599881936981e-04,-2.37132722594267e-02,4.76882379897414e-02,8.00078707814441e-01,-6.95639408783121e-01,-9.93519532104301e-02,-8.96512038103925e-04,6.85655438969063e-02,-1.09411985011791e-01,-9.85063742748066e-01,1.43233601924139e+00,1.20629762401217e-01,-1.35242401607969e-01,1.45634649909381e-01,1.09824452084708e+00,-3.20974855119465e+00,1.92205061266645e-01,-1.89652765973480e-01,-1.17696168165565e+00,5.15149963726379e-01,3.69212842399970e-01,9.20104053474743e-01,1.55440166632881e+00,-5.51700056226395e-01},{1.34502316935165e+00,-1.24243281080507e+00,7.07724272041109e-02,2.51782811461865e-01,3.92236744490830e-02,7.32546339061386e-02,-1.37880123851361e-01,-2.61081643661034e+00,3.45617095179893e+00,-1.14330417024240e+00,-5.53756967240384e-01,-2.41473389204380e-01,3.23816642746054e-01,2.45278165541391e+00,-5.18839165913916e+00,3.25766346417497e+00,1.04219173113714e+00,-4.81800595558688e-01,-1.68593636797013e+00,6.39693641182385e+00,-8.62443520117429e+00,6.02196415382216e-01,4.82833485180326e-01,-6.76931731256230e+00,6.50602793053285e+00,1.02759366580947e+00,2.23920675711944e+00,-8.87930793133488e-01},{-2.26611870395446e-01,-2.76081363150811e-16,-4.97628364838918e-17,-8.88178419700125e-16,-1.20924697813869e-16,-6.51983328689572e-16,7.77156117237610e-16,6.02247179635786e-01,-2.30483448507753e-16,1.38314891608802e-15,3.62249852820121e-16,2.49238030158070e-15,-9.14994610838931e-16,-9.61339797288713e-01,1.62369461210237e-15,-1.35572727516447e-16,-4.90850483405218e-15,1.34633431236299e-31,1.59860668809837e+00,-3.54536614068810e-15,6.70108958734463e-15,2.22044604925031e-16,-3.45582821429428e+00,-6.25410429630615e-15,-2.24820162486594e-15,-7.21644966006352e-15,8.77940283591572e-15,2.44292601424429e+00},{8.43977350015451e-01,-3.44249715708745e-01,-1.30765183851798e-01,-1.94296342056566e-02,-2.85761316875970e-02,-2.04108989450088e-02,1.07726379260521e-01,-1.98565636424721e+00,1.16729180137981e+00,2.75599541876781e-01,9.86946207148680e-02,1.00159061542280e-01,-2.75218418258492e-01,2.58913977764784e+00,-2.34478853176588e+00,-4.95110484073918e-01,-2.68226406035679e-01,4.01045374042671e-01,-3.11747792283217e+00,4.49628155724666e+00,9.45922428050148e-01,-5.71901709528532e-01,3.69076033030143e+00,-1.03366348298760e+01,8.26224058090405e-01,-4.38471282795742e+00,7.12507441683167e+00,1.65526236197361e+00},{4.99999999999998e-01,-3.60159885836171e-16,-8.47045969753819e-16,-8.88178419700125e-16,-4.48320576727330e-16,-1.06221553670575e-16,-2.66453525910038e-15,-1.31737343570243e+00,2.98432671274016e-15,4.44089209850063e-16,-6.33767651353140e-16,-2.06542942033891e-15,5.88379017478651e-15,2.04996481307674e+00,1.28924681726806e-15,7.61733072708663e-17,6.30346448258447e-15,-6.66133814775093e-15,-3.19999999999999e+00,-4.87190341495034e-16,-1.11747659757165e-14,7.99360577730113e-15,5.66898522554549e+00,2.52546641486494e-14,-1.07483466571523e-14,-1.42015766029198e+01,1.17118919712502e-14,1.05000000000000e+01}};

double p_LIFT[28][21] = {{1.75000000000000e+01,1.42015766029198e+01,-5.66898522554554e+00,3.19999999999995e+00,-2.04996481307676e+00,1.31737343570244e+00,-4.99999999999999e-01,6.66666666666664e-01,3.87556466306191e+00,6.04443533693806e+00,6.82666666666666e+00,6.04443533693805e+00,3.87556466306194e+00,6.66666666666669e-01,-5.00000000000003e-01,1.31737343570244e+00,-2.04996481307674e+00,3.19999999999999e+00,-5.66898522554552e+00,1.42015766029198e+01,1.75000000000000e+01},
