#ifndef TRI03
#define TRI03

double p_r[10] = {-1.00000000000000e+00,-4.47213595499958e-01,4.47213595499958e-01,1.00000000000000e+00,-1.00000000000000e+00,-3.33333333333333e-01,4.47213595499958e-01,-1.00000000000000e+00,-4.47213595499958e-01,-1.00000000000000e+00};
double p_s[10] = {-1.00000000000000e+00,-1.00000000000000e+00,-1.00000000000000e+00,-1.00000000000000e+00,-4.47213595499958e-01,-3.33333333333333e-01,-4.47213595499958e-01,4.47213595499958e-01,4.47213595499958e-01,1.00000000000000e+00};

double p_w[4] = {1.66666666666667e-01,8.33333333333333e-01,8.33333333333333e-01,1.66666666666667e-01};

double p_we[10] = {3.33333333333332e-02,1.66666666666666e-01,1.66666666666667e-01,3.33333333333335e-02,1.66666666666666e-01,8.99999999999999e-01,1.66666666666667e-01,1.66666666666667e-01,1.66666666666667e-01,3.33333333333333e-02};
double p_Dr[10][10] = {{-3.00000000000000e+00,4.04508497187474e+00,-1.54508497187474e+00,4.99999999999999e-01,-8.88178419700125e-16,-2.60307696510085e-15,5.38060262308089e-16,1.41810844696278e-15,5.81840420226383e-17,-4.03189111598710e-16},
{-8.09016994374946e-01,-1.19427328959638e-15,1.11803398874989e+00,-3.09016994374947e-01,-4.44089209850063e-16,5.49977226493201e-16,-8.91919279268255e-17,1.50901257949700e-16,-2.28705927387480e-16,2.03695269071557e-17},{3.09016994374947e-01,-1.11803398874990e+00,1.55431223447522e-15,8.09016994374946e-01,2.41464567784523e-17,1.05961691164323e-15,-2.57194290210548e-16,-4.04285112273728e-16,-5.18719102680919e-17,1.24036660539544e-16},{-4.99999999999999e-01,1.54508497187474e+00,-4.04508497187474e+00,3.00000000000000e+00,-1.33226762955019e-15,1.12260533871433e-16,1.25579260774739e-16,5.58298564452942e-16,-1.50947055164332e-16,-1.13021297506906e-16},{-7.09016994374947e-01,1.61803398874990e+00,-1.30901699437495e+00,6.00000000000000e-01,-2.00000000000000e+00,2.70000000000000e+00,-6.18033988749894e-01,-1.90983005625052e-01,-1.90983005625052e-01,9.99999999999996e-02},{3.33333333333333e-01,-6.21129993749942e-01,6.21129993749941e-01,-3.33333333333333e-01,-7.27231663541637e-01,9.29811783123569e-16,7.27231663541637e-01,-1.06101669791696e-01,1.06101669791695e-01,1.66533453693773e-16},{-6.00000000000000e-01,1.30901699437495e+00,-1.61803398874989e+00,7.09016994374947e-01,6.18033988749895e-01,-2.70000000000000e+00,2.00000000000000e+00,1.90983005625052e-01,1.90983005625052e-01,-9.99999999999998e-02},{4.09016994374948e-01,-1.90983005625053e-01,-6.18033988749894e-01,5.99999999999999e-01,-1.30901699437495e+00,2.70000000000000e+00,-1.30901699437495e+00,-2.00000000000000e+00,1.61803398874989e+00,9.99999999999993e-02},{-5.99999999999999e-01,6.18033988749895e-01,1.90983005625052e-01,-4.09016994374947e-01,1.30901699437495e+00,-2.70000000000000e+00,1.30901699437495e+00,-1.61803398874990e+00,2.00000000000000e+00,-1.00000000000000e-01},{-5.00000000000001e-01,4.77843540006814e-16,-7.66054293123341e-17,5.00000000000000e-01,1.54508497187474e+00,-4.44089209850063e-16,-1.54508497187474e+00,-4.04508497187474e+00,4.04508497187474e+00,-7.77156117237610e-16}};

double p_Ds[10][10] = {{-3.00000000000000e+00,1.35935782627750e-15,-1.55997688162474e-15,8.33285974555241e-16,4.04508497187473e+00,5.32907051820075e-15,-1.77635683940025e-15,-1.54508497187474e+00,-5.73672694903772e-16,4.99999999999999e-01},
{-7.09016994374947e-01,-2.00000000000000e+00,-1.90983005625054e-01,1.00000000000000e-01,1.61803398874989e+00,2.70000000000000e+00,-1.90983005625052e-01,-1.30901699437495e+00,-6.18033988749895e-01,5.99999999999999e-01},{4.09016994374947e-01,-1.30901699437495e+00,-2.00000000000000e+00,9.99999999999991e-02,-1.90983005625053e-01,2.70000000000000e+00,1.61803398874989e+00,-6.18033988749895e-01,-1.30901699437495e+00,6.00000000000000e-01},{-4.99999999999999e-01,1.54508497187474e+00,-4.04508497187474e+00,-1.11022302462516e-15,-4.44089209850063e-16,8.65973959207622e-16,4.04508497187474e+00,-2.22044604925031e-16,-1.54508497187474e+00,5.00000000000000e-01},{-8.09016994374948e-01,8.72987845900643e-16,-3.21285443695733e-16,1.44774564257443e-16,5.49298719700027e-16,-8.88178419700125e-16,1.77764852668107e-16,1.11803398874989e+00,-3.48657402781421e-16,-3.09016994374947e-01},{3.33333333333333e-01,-7.27231663541638e-01,-1.06101669791695e-01,8.32667268468867e-17,-6.21129993749941e-01,5.55111512312578e-16,1.06101669791696e-01,6.21129993749942e-01,7.27231663541637e-01,-3.33333333333333e-01},{-6.00000000000000e-01,1.30901699437495e+00,-1.61803398874989e+00,-1.00000000000000e-01,6.18033988749895e-01,-2.70000000000000e+00,2.00000000000000e+00,1.90983005625052e-01,1.30901699437495e+00,-4.09016994374947e-01},{3.09016994374947e-01,-3.89404155250745e-16,4.89713682924365e-16,-1.41708112161301e-16,-1.11803398874989e+00,-6.07847105982274e-16,0.00000000000000e+00,1.30451205393456e-15,1.11022302462516e-16,8.09016994374946e-01},{-6.00000000000000e-01,6.18033988749895e-01,1.90983005625052e-01,-9.99999999999995e-02,1.30901699437495e+00,-2.70000000000000e+00,1.90983005625052e-01,-1.61803398874989e+00,2.00000000000000e+00,7.09016994374947e-01},{-5.00000000000001e-01,1.04259268030125e-15,-4.40735514259526e-16,1.41775987039648e-16,1.54508497187474e+00,1.77635683940025e-15,-2.22044604925031e-16,-4.04508497187474e+00,-6.66133814775094e-16,3.00000000000000e+00}};

double p_LIFT[10][12] = {{7.00000000000000e+00,4.04508497187472e+00,-1.54508497187474e+00,5.00000000000000e-01,-8.33333333333333e-01,-4.16666666666667e+00,-4.16666666666666e+00,-8.33333333333334e-01,4.99999999999998e-01,-1.54508497187474e+00,4.04508497187475e+00,7.00000000000000e+00},
{8.09016994374944e-01,8.00000000000000e+00,1.50000000000000e+00,-3.09016994374947e-01,2.59115050558308e-01,2.26295146066661e+00,7.19684550415586e-02,-8.05180584266643e-01,-3.28152749066689e-01,1.07038187266672e+00,-2.23863512170823e+00,-2.92448383891643e-01},{-3.09016994374948e-01,1.50000000000000e+00,8.00000000000000e+00,8.09016994374946e-01,-2.92448383891643e-01,-2.23863512170823e+00,1.07038187266672e+00,-3.28152749066690e-01,-8.05180584266645e-01,7.19684550415616e-02,2.26295146066662e+00,2.59115050558308e-01},{5.00000000000000e-01,-1.54508497187474e+00,4.04508497187473e+00,7.00000000000000e+00,7.00000000000000e+00,4.04508497187473e+00,-1.54508497187474e+00,4.99999999999999e-01,-8.33333333333332e-01,-4.16666666666667e+00,-4.16666666666667e+00,-8.33333333333334e-01},{-2.92448383891640e-01,-2.23863512170823e+00,1.07038187266673e+00,-3.28152749066690e-01,-8.05180584266646e-01,7.19684550415569e-02,2.26295146066661e+00,2.59115050558308e-01,-3.09016994374948e-01,1.50000000000000e+00,8.00000000000001e+00,8.09016994374951e-01},{6.17283950617282e-02,-9.87654320987654e-01,-9.87654320987654e-01,6.17283950617284e-02,6.17283950617288e-02,-9.87654320987654e-01,-9.87654320987653e-01,6.17283950617286e-02,6.17283950617286e-02,-9.87654320987655e-01,-9.87654320987656e-01,6.17283950617277e-02},{-3.28152749066689e-01,1.07038187266673e+00,-2.23863512170822e+00,-2.92448383891642e-01,8.09016994374946e-01,8.00000000000001e+00,1.50000000000000e+00,-3.09016994374948e-01,2.59115050558307e-01,2.26295146066661e+00,7.19684550415568e-02,-8.05180584266644e-01},{2.59115050558306e-01,2.26295146066661e+00,7.19684550415599e-02,-8.05180584266644e-01,-3.28152749066689e-01,1.07038187266673e+00,-2.23863512170822e+00,-2.92448383891642e-01,8.09016994374944e-01,8.00000000000000e+00,1.50000000000000e+00,-3.09016994374948e-01},{-8.05180584266644e-01,7.19684550415597e-02,2.26295146066661e+00,2.59115050558307e-01,-3.09016994374948e-01,1.50000000000000e+00,7.99999999999999e+00,8.09016994374946e-01,-2.92448383891641e-01,-2.23863512170822e+00,1.07038187266673e+00,-3.28152749066689e-01},{-8.33333333333333e-01,-4.16666666666666e+00,-4.16666666666667e+00,-8.33333333333334e-01,4.99999999999999e-01,-1.54508497187474e+00,4.04508497187474e+00,7.00000000000000e+00,7.00000000000000e+00,4.04508497187473e+00,-1.54508497187474e+00,5.00000000000000e-01}};

int p_Fmask[3][4] = {{0,1,2,3},
{3,6,8,9},{9,7,4,0}};

#endif
