#ifndef DATA02
#define DATA02 1

double p_r[9] = {-1.00000000000000e+00,0.00000000000000e+00,1.00000000000000e+00,-1.00000000000000e+00,0.00000000000000e+00,1.00000000000000e+00,-1.00000000000000e+00,0.00000000000000e+00,1.00000000000000e+00};
double p_s[9] = {-1.00000000000000e+00,-1.00000000000000e+00,-1.00000000000000e+00,0.00000000000000e+00,0.00000000000000e+00,0.00000000000000e+00,1.00000000000000e+00,1.00000000000000e+00,1.00000000000000e+00};

double p_Dr[9][9] = {{-1.50000000000000e+00,2.00000000000000e+00,-5.00000000000000e-01,-7.89491928622333e-17,1.57898385724467e-16,-7.89491928622333e-17,3.94745964311167e-17,-7.89491928622333e-17,3.94745964311167e-17},
{-5.00000000000000e-01,0.00000000000000e+00,5.00000000000000e-01,0.00000000000000e+00,0.00000000000000e+00,0.00000000000000e+00,0.00000000000000e+00,-0.00000000000000e+00,0.00000000000000e+00},{5.00000000000000e-01,-2.00000000000000e+00,1.50000000000000e+00,7.89491928622333e-17,-1.57898385724467e-16,7.89491928622333e-17,-3.94745964311167e-17,7.89491928622333e-17,-3.94745964311167e-17},{2.22044604925031e-16,1.11022302462516e-16,5.55111512312578e-17,-1.50000000000000e+00,2.00000000000000e+00,-5.00000000000000e-01,0.00000000000000e+00,1.11022302462516e-16,-5.55111512312578e-17},{-1.11022302462516e-16,9.86864910777917e-18,1.11022302462516e-16,-5.00000000000000e-01,-1.97372982155583e-17,5.00000000000000e-01,0.00000000000000e+00,9.86864910777917e-18,0.00000000000000e+00},{-2.22044604925031e-16,-1.11022302462516e-16,0.00000000000000e+00,5.00000000000000e-01,-2.00000000000000e+00,1.50000000000000e+00,1.11022302462516e-16,-1.11022302462516e-16,0.00000000000000e+00},{-1.57898385724467e-16,-2.22044604925031e-16,1.11022302462516e-16,-7.89491928622333e-17,1.57898385724467e-16,-7.89491928622333e-17,-1.50000000000000e+00,2.00000000000000e+00,-5.00000000000000e-01},{-1.11022302462516e-16,0.00000000000000e+00,1.11022302462516e-16,0.00000000000000e+00,0.00000000000000e+00,0.00000000000000e+00,-5.00000000000000e-01,-0.00000000000000e+00,5.00000000000000e-01},{7.89491928622333e-17,7.89491928622333e-17,1.50496898893632e-16,3.94745964311167e-17,-7.89491928622333e-17,3.94745964311167e-17,5.00000000000000e-01,-2.00000000000000e+00,1.50000000000000e+00}};

double p_Ds[9][9] = {{-1.50000000000000e+00,-7.89491928622333e-17,3.94745964311167e-17,2.00000000000000e+00,1.57898385724467e-16,-7.89491928622333e-17,-5.00000000000000e-01,-7.89491928622333e-17,3.94745964311167e-17},
{-2.22044604925031e-16,-1.50000000000000e+00,-5.55111512312578e-17,1.11022302462516e-16,2.00000000000000e+00,1.11022302462516e-16,5.55111512312578e-17,-5.00000000000000e-01,-5.55111512312578e-17},{0.00000000000000e+00,-7.89491928622333e-17,-1.50000000000000e+00,-2.22044604925031e-16,1.57898385724467e-16,2.00000000000000e+00,2.22044604925031e-16,-7.89491928622333e-17,-5.00000000000000e-01},{-5.00000000000000e-01,0.00000000000000e+00,0.00000000000000e+00,0.00000000000000e+00,0.00000000000000e+00,0.00000000000000e+00,5.00000000000000e-01,-0.00000000000000e+00,0.00000000000000e+00},{-9.12850042469573e-17,-5.00000000000000e-01,-4.93432455388958e-18,9.86864910777917e-18,-1.97372982155583e-17,9.86864910777917e-18,1.06087977908626e-16,5.00000000000000e-01,-4.93432455388958e-18},{-1.11022302462516e-16,0.00000000000000e+00,-5.00000000000000e-01,0.00000000000000e+00,0.00000000000000e+00,0.00000000000000e+00,1.11022302462516e-16,-0.00000000000000e+00,5.00000000000000e-01},{5.00000000000000e-01,7.89491928622333e-17,-3.94745964311167e-17,-2.00000000000000e+00,-1.57898385724467e-16,7.89491928622333e-17,1.50000000000000e+00,7.89491928622333e-17,-3.94745964311167e-17},{0.00000000000000e+00,5.00000000000000e-01,5.55111512312578e-17,-1.11022302462516e-16,-2.00000000000000e+00,-1.11022302462516e-16,5.55111512312578e-17,1.50000000000000e+00,5.55111512312578e-17},{0.00000000000000e+00,3.94745964311167e-17,5.00000000000000e-01,7.89491928622333e-17,-7.89491928622333e-17,-2.00000000000000e+00,1.11022302462516e-16,3.94745964311167e-17,1.50000000000000e+00}};

double p_LIFT[9][12] = {{4.50000000000000e+00,0.00000000000000e+00,2.22044604925031e-16,1.50000000000000e+00,-4.44089209850063e-16,6.66133814775094e-16,5.55111512312578e-16,-9.43689570931383e-16,1.50000000000000e+00,2.22044604925031e-16,-1.44328993201270e-15,4.50000000000000e+00},
{0.00000000000000e+00,4.50000000000000e+00,-3.33066907387547e-16,-7.50000000000000e-01,4.44089209850063e-16,-1.11022302462516e-16,-5.55111512312578e-17,1.50000000000000e+00,-2.08166817117217e-16,-1.11022302462516e-16,6.93889390390723e-16,-7.50000000000000e-01},{2.22044604925031e-16,-1.33226762955019e-15,4.50000000000000e+00,4.50000000000000e+00,0.00000000000000e+00,2.22044604925031e-16,1.50000000000000e+00,-4.44089209850063e-16,6.10622663543836e-16,5.55111512312578e-16,-9.43689570931383e-16,1.50000000000000e+00},{-7.50000000000000e-01,4.44089209850063e-16,-1.11022302462516e-16,-6.93889390390723e-17,1.50000000000000e+00,-2.22044604925031e-16,-1.11022302462516e-16,6.93889390390723e-16,-7.50000000000000e-01,0.00000000000000e+00,4.50000000000000e+00,-3.33066907387547e-16},{9.02056207507940e-17,-7.50000000000000e-01,1.66533453693773e-16,9.02056207507940e-17,-7.50000000000000e-01,1.66533453693773e-16,8.32667268468867e-17,-7.50000000000000e-01,1.59594559789866e-16,8.32667268468867e-17,-7.50000000000000e-01,1.59594559789866e-16},{-1.11022302462516e-16,6.66133814775094e-16,-7.50000000000000e-01,0.00000000000000e+00,4.50000000000000e+00,-3.33066907387547e-16,-7.50000000000000e-01,4.44089209850063e-16,-1.38777878078145e-16,-5.55111512312578e-17,1.50000000000000e+00,-2.08166817117217e-16},{1.50000000000000e+00,-4.44089209850063e-16,6.66133814775094e-16,4.99600361081320e-16,-7.77156117237610e-16,1.50000000000000e+00,4.44089209850063e-16,-1.77635683940025e-15,4.50000000000000e+00,4.50000000000000e+00,0.00000000000000e+00,0.00000000000000e+00},{-6.93889390390723e-17,1.50000000000000e+00,-2.22044604925031e-16,-8.32667268468867e-17,6.10622663543836e-16,-7.50000000000000e-01,-1.11022302462516e-16,4.50000000000000e+00,-4.16333634234434e-16,-7.50000000000000e-01,3.88578058618805e-16,-1.11022302462516e-16},{5.55111512312578e-16,-8.88178419700125e-16,1.50000000000000e+00,2.22044604925031e-16,-1.33226762955019e-15,4.50000000000000e+00,4.50000000000000e+00,-4.44089209850063e-16,2.22044604925031e-16,1.50000000000000e+00,-3.33066907387547e-16,5.55111512312578e-16}};

int p_Fmask[4][3] = {{0,1,2},
{2,5,8},{8,7,6},{6,3,0}};

#endif
